3,2
3,1
3,3
10,4
10,164
10,81
10,8
10,214
10,138
10,15
10,128
11,5
11,4
9,7
8,9
8,17
8,11
8,16
0,318
40,4
40,3
40,2
40,1
38,3
38,1
36,5
36,4
36,3
36,1
35,9
35,8
35,5
35,3
35,1
34,8
34,4
34,3
34,1
33,142
33,141
33,140
33,139
33,138
33,133
33,130
33,129
33,94
33,93
33,90
33,17
33,7
33,6
33,5
33,4
33,3
33,2
33,1
33,0
31,9
31,5
31,3
31,1
30,4
30,3
30,1
29,3
29,1
28,5
28,4
28,3
28,1
27,3
27,1
26,4
26,3
26,1
25,4
25,3
25,1
24,3
24,1
20,3
20,2
20,1
19,3
19,2
19,1
14,14
14,8
14,7
14,6
12,3
12,2
12,1
11,28
11,27
11,26
11,25
11,24
11,23
11,22
11,21
11,20
11,19
11,18
11,17
11,16
11,15
11,14
11,13
11,12
11,11
11,10
11,9
11,8
11,7
11,6
11,3
11,2
11,1
18,1
18,3
